Version	GMID-X v 1.5
Kit type:	MICROSATELLITE
Chemistry Kit	AmpFLSTR_Panels_v5X	null
Panel	COfiler_v1.4X	null
D3S1358	blue	98.0	148.0	14,15	4	none	false	12, 13, 14, 15, 16, 17, 18, 19, 
D16S539	blue	229.0	279.0	11,12	4	none	false	5, 8, 9, 10, 11, 12, 13, 14, 15, 
AMEL	green	106.0	114.0	x	9	none	false	X, Y, 
TH01	green	159.0	205.0	8,9.3	4	none	false	5, 6, 7, 8, 9, 9.3, 10, 
TPOX	green	212.0	254.0	8	4	none	false	6, 7, 8, 9, 10, 11, 12, 13, 
CSF1PO	green	275.0	323.0	10,12	4	none	false	6, 7, 8, 9, 10, 11, 12, 13, 14, 15, 
D7S820	yellow	251.0	298.5	10,11	4	none	false	6, 7, 8, 9, 10, 11, 12, 13, 14, 15, 
Panel	SGM_Plus_v1.4X	null
D3S1358	blue	98.0	148.0	15,16	4	none	false	12, 13, 14, 15, 16, 17, 18, 19, 
vWA	blue	151.0	213.5	14,16	4	none	false	11, 12, 13, 14, 15, 16, 17, 18, 19, 20, 21, 22, 23, 24, 
D16S539	blue	229.0	279.0	9,10	4	none	false	5, 8, 9, 10, 11, 12, 13, 14, 15, 
D2S1338	blue	284.0	354.0	20,23	4	none	false	15, 16, 17, 18, 19, 20, 21, 22, 23, 24, 25, 26, 27, 28, 
AMEL	green	106.0	114.0	x,y	9	none	false	X, Y, 
D8S1179	green	118.0	183.5	12,13	4	none	false	8, 9, 10, 11, 12, 13, 14, 15, 16, 17, 18, 19, 
D21S11	green	184.5	247.5	28,31	4	none	false	24, 24.2, 25, 26, 27, 28, 28.2, 29, 29.2, 30, 30.2, 31, 31.2, 32, 32.2, 33, 33.2, 34, 34.2, 35, 35.2, 36, 37, 38, 
D18S51	green	264.49	350.0	12,15	4	none	false	7, 9, 10, 10.2, 11, 12, 13, 13.2, 14, 14.2, 15, 16, 17, 18, 19, 20, 21, 22, 23, 24, 25, 26, 27, 
D19S433	yellow	101.0	148.0	14,15	4	none	false	9, 10, 11, 12, 12.2, 13, 13.2, 14, 14.2, 15, 15.2, 16, 16.2, 17, 17.2, 
TH01	yellow	159.0	205.0	7,9.3	4	none	false	4, 5, 6, 7, 8, 9, 9.3, 10, 11, 13.3, 
FGA	yellow	206.25	360.0	24,26	4	none	false	17, 18, 19, 20, 21, 22, 23, 24, 25, 26, 26.2, 27, 28, 29, 30, 30.2, 31.2, 32.2, 33.2, 42.2, 43.2, 44.2, 45.2, 46.2, 47.2, 48.2, 50.2, 51.2, 
Panel	SEfiler_Plus_v1.4X	null
D3S1358	blue	98.0	148.0	15,16	4	none	false	12, 13, 14, 15, 16, 17, 18, 19, 
vWA	blue	151.0	213.5	14,16	4	none	false	11, 12, 13, 14, 15, 16, 17, 18, 19, 20, 21, 22, 23, 24, 
D16S539	blue	229.0	279.0	9,10	4	none	false	5, 8, 9, 10, 11, 12, 13, 14, 15, 
D2S1338	blue	284.0	350.0	20,23	4	none	false	15, 16, 17, 18, 19, 20, 21, 22, 23, 24, 25, 26, 27, 28, 
AMEL	green	106.0	114.0	x,Y	9	none	false	X, Y, 
D8S1179	green	118.0	183.5	12,13	4	none	false	8, 9, 10, 11, 12, 13, 14, 15, 16, 17, 18, 19, 
SE33	green	190.0	350.0	17,25.2	4	none	false	4.2, 6.3, 8, 9, 11, 12, 13, 14, 15, 16, 17, 18, 19, 20, 20.2, 21, 21.1, 21.2, 22.2, 23.2, 24.2, 25.2, 26.2, 27.2, 28.2, 29.2, 30.2, 31.2, 32.2, 33.2, 34.2, 35, 35.2, 36, 37, 
D19S433	yellow	101.0	148.0	14,15	4	none	false	9, 10, 11, 12, 12.2, 13, 13.2, 14, 14.2, 15, 15.2, 16, 16.2, 17, 17.2, 
TH01	yellow	159.0	205.0	7,9.3	4	none	false	4, 5, 6, 7, 8, 9, 9.3, 10, 11, 13.3, 
FGA	yellow	206.25	360.0	24,26	4	none	false	17, 18, 19, 20, 21, 22, 23, 24, 25, 26, 26.2, 27, 28, 29, 30, 30.2, 31.2, 32.2, 33.2, 42.2, 43.2, 44.2, 45.2, 46.2, 47.2, 48.2, 50.2, 51.2, 
D21S11	red	184.5	247.5	28,31	4	none	false	24, 24.2, 25, 26, 27, 28, 28.2, 29, 29.2, 30, 30.2, 31, 31.2, 32, 32.2, 33, 33.2, 34, 34.2, 35, 35.2, 36, 37, 38, 
D18S51	red	264.49	350.0	12,15	4	none	false	7, 9, 10, 10.2, 11, 12, 13, 13.2, 14, 14.2, 15, 16, 17, 18, 19, 20, 21, 22, 23, 24, 25, 26, 27, 
Panel	Profiler_v1.4X	null
D3S1358	blue	98.0	148.0	14,15	4	none	false	12, 13, 14, 15, 16, 17, 18, 19, 
vWA	blue	151.0	203.0	17,18	4	none	false	11, 12, 13, 14, 15, 16, 17, 18, 19, 20, 21, 
FGA	blue	206.25	360.0	23,24	4	none	false	18, 19, 20, 21, 22, 23, 24, 25, 26, 26.2, 27, 28, 29, 30, 
AMEL	green	106.0	114.0	x	9	none	false	X, Y, 
TH01	green	159.0	205.0	8,9.3	4	none	false	5, 6, 7, 8, 9, 9.3, 10, 
TPOX	green	212.0	254.0	8	4	none	false	6, 7, 8, 9, 10, 11, 12, 13, 
CSF1PO	green	275.0	323.0	10,12	4	none	false	6, 7, 8, 9, 10, 11, 12, 13, 14, 15, 
D5S818	yellow	128.0	180.0	11	4	none	false	7, 8, 9, 10, 11, 12, 13, 14, 15, 16, 
D13S317	yellow	192.0	242.0	11	4	none	false	8, 9, 10, 11, 12, 13, 14, 15, 
D7S820	yellow	251.0	298.5	10,11	4	none	false	6, 7, 8, 9, 10, 11, 12, 13, 14, 15, 
Panel	Identifiler_Direct_v1.4X	null
D8S1179	blue	118.0	183.5	13	4	none	false	8, 9, 10, 11, 12, 13, 14, 15, 16, 17, 18, 19, 
D21S11	blue	184.5	247.5	30	4	none	false	24, 24.2, 25, 26, 27, 28, 28.2, 29, 29.2, 30, 30.2, 31, 31.2, 32, 32.2, 33, 33.2, 34, 34.2, 35, 35.2, 36, 37, 38, 
D7S820	blue	251.0	298.5	10,11	4	none	false	6, 7, 8, 9, 10, 11, 12, 13, 14, 15, 
CSF1PO	blue	302.12	348.63	10,12	4	none	false	6, 7, 8, 9, 10, 11, 12, 13, 14, 15, 
D3S1358	green	98.0	148.0	14,15	4	none	false	12, 13, 14, 15, 16, 17, 18, 19, 
TH01	green	159.0	205.0	8,9.3	4	none	false	4, 5, 6, 7, 8, 9, 9.3, 10, 11, 13.3, 
D13S317	green	205.65	250.16	11	4	none	false	8, 9, 10, 11, 12, 13, 14, 15, 
D16S539	green	255.3	301.81	11,12	4	none	false	5, 8, 9, 10, 11, 12, 13, 14, 15, 
D2S1338	green	304.8	370.31	19,23	4	none	false	15, 16, 17, 18, 19, 20, 21, 22, 23, 24, 25, 26, 27, 28, 
D19S433	yellow	101.0	148.0	14,15	4	none	false	9, 10, 11, 12, 12.2, 13, 13.2, 14, 14.2, 15, 15.2, 16, 16.2, 17, 17.2, 
vWA	yellow	151.0	213.5	17,18	4	none	false	11, 12, 13, 14, 15, 16, 17, 18, 19, 20, 21, 22, 23, 24, 
TPOX	yellow	216.99	260.99	8	4	none	false	6, 7, 8, 9, 10, 11, 12, 13, 
D18S51	yellow	264.49	350.0	15,19	4	none	false	7, 9, 10, 10.2, 11, 12, 13, 13.2, 14, 14.2, 15, 16, 17, 18, 19, 20, 21, 22, 23, 24, 25, 26, 27, 
AMEL	red	106.0	114.0	x	9	none	false	X, Y, 
D5S818	red	128.0	180.0	11	4	none	false	7, 8, 9, 10, 11, 12, 13, 14, 15, 16, 
FGA	red	206.25	360.0	23,24	4	none	false	17, 18, 19, 20, 21, 22, 23, 24, 25, 26, 26.2, 27, 28, 29, 30, 30.2, 31.2, 32.2, 33.2, 42.2, 43.2, 44.2, 45.2, 46.2, 47.2, 48.2, 50.2, 51.2, 
Panel	Identifiler_Plus_v1.4X	null
D8S1179	blue	118.0	183.5	13	4	none	false	8, 9, 10, 11, 12, 13, 14, 15, 16, 17, 18, 19, 
D21S11	blue	184.5	247.5	30	4	none	false	24, 24.2, 25, 26, 27, 28, 28.2, 29, 29.2, 30, 30.2, 31, 31.2, 32, 32.2, 33, 33.2, 34, 34.2, 35, 35.2, 36, 37, 38, 
D7S820	blue	251.0	298.5	10,11	4	none	false	6, 7, 8, 9, 10, 11, 12, 13, 14, 15, 
CSF1PO	blue	302.12	348.63	10,12	4	none	false	6, 7, 8, 9, 10, 11, 12, 13, 14, 15, 
D3S1358	green	98.0	148.0	14,15	4	none	false	12, 13, 14, 15, 16, 17, 18, 19, 
TH01	green	159.0	205.0	8,9.3	4	none	false	4, 5, 6, 7, 8, 9, 9.3, 10, 11, 13.3, 
D13S317	green	205.65	250.16	11	4	none	false	8, 9, 10, 11, 12, 13, 14, 15, 
D16S539	green	255.3	301.81	11,12	4	none	false	5, 8, 9, 10, 11, 12, 13, 14, 15, 
D2S1338	green	304.8	370.31	19,23	4	none	false	15, 16, 17, 18, 19, 20, 21, 22, 23, 24, 25, 26, 27, 28, 
D19S433	yellow	101.0	148.0	14,15	4	none	false	9, 10, 11, 12, 12.2, 13, 13.2, 14, 14.2, 15, 15.2, 16, 16.2, 17, 17.2, 
vWA	yellow	151.0	213.5	17,18	4	none	false	11, 12, 13, 14, 15, 16, 17, 18, 19, 20, 21, 22, 23, 24, 
TPOX	yellow	216.99	260.99	8	4	none	false	6, 7, 8, 9, 10, 11, 12, 13, 
D18S51	yellow	264.49	350.0	15,19	4	none	false	7, 9, 10, 10.2, 11, 12, 13, 13.2, 14, 14.2, 15, 16, 17, 18, 19, 20, 21, 22, 23, 24, 25, 26, 27, 
AMEL	red	106.0	114.0	x	9	none	false	X, Y, 
D5S818	red	128.0	180.0	11	4	none	false	7, 8, 9, 10, 11, 12, 13, 14, 15, 16, 
FGA	red	206.25	360.0	23,24	4	none	false	17, 18, 19, 20, 21, 22, 23, 24, 25, 26, 26.2, 27, 28, 29, 30, 30.2, 31.2, 32.2, 33.2, 42.2, 43.2, 44.2, 45.2, 46.2, 47.2, 48.2, 50.2, 51.2, 
Panel	Identifiler_v1.4X	null
D8S1179	blue	118.0	183.5	13	4	none	false	8, 9, 10, 11, 12, 13, 14, 15, 16, 17, 18, 19, 
D21S11	blue	184.5	247.5	30	4	none	false	24, 24.2, 25, 26, 27, 28, 28.2, 29, 29.2, 30, 30.2, 31, 31.2, 32, 32.2, 33, 33.2, 34, 34.2, 35, 35.2, 36, 37, 38, 
D7S820	blue	251.0	298.5	10,11	4	none	false	6, 7, 8, 9, 10, 11, 12, 13, 14, 15, 
CSF1PO	blue	302.12	348.63	10,12	4	none	false	6, 7, 8, 9, 10, 11, 12, 13, 14, 15, 
D3S1358	green	98.0	148.0	14,15	4	none	false	12, 13, 14, 15, 16, 17, 18, 19, 
TH01	green	159.0	205.0	8,9.3	4	none	false	4, 5, 6, 7, 8, 9, 9.3, 10, 11, 13.3, 
D13S317	green	205.65	250.16	11	4	none	false	8, 9, 10, 11, 12, 13, 14, 15, 
D16S539	green	255.3	301.81	11,12	4	none	false	5, 8, 9, 10, 11, 12, 13, 14, 15, 
D2S1338	green	304.8	370.31	19,23	4	none	false	15, 16, 17, 18, 19, 20, 21, 22, 23, 24, 25, 26, 27, 28, 
D19S433	yellow	101.0	148.0	14,15	4	none	false	9, 10, 11, 12, 12.2, 13, 13.2, 14, 14.2, 15, 15.2, 16, 16.2, 17, 17.2, 
vWA	yellow	151.0	213.5	17,18	4	none	false	11, 12, 13, 14, 15, 16, 17, 18, 19, 20, 21, 22, 23, 24, 
TPOX	yellow	216.99	260.99	8	4	none	false	6, 7, 8, 9, 10, 11, 12, 13, 
D18S51	yellow	264.49	350.0	15,19	4	none	false	7, 9, 10, 10.2, 11, 12, 13, 13.2, 14, 14.2, 15, 16, 17, 18, 19, 20, 21, 22, 23, 24, 25, 26, 27, 
AMEL	red	106.0	114.0	x	9	none	false	X, Y, 
D5S818	red	128.0	180.0	11	4	none	false	7, 8, 9, 10, 11, 12, 13, 14, 15, 16, 
FGA	red	206.25	360.0	23,24	4	none	false	17, 18, 19, 20, 21, 22, 23, 24, 25, 26, 26.2, 27, 28, 29, 30, 30.2, 31.2, 32.2, 33.2, 42.2, 43.2, 44.2, 45.2, 46.2, 47.2, 48.2, 50.2, 51.2, 
Panel	MiniFiler_v1.4X	null
D13S317	blue	90.0	139.0	11	4	none	false	8, 9, 10, 11, 12, 13, 14, 15, 
D7S820	blue	141.5	193.5	7,12	4	none	false	6, 7, 8, 9, 10, 11, 12, 13, 14, 15, 
AMEL	green	99.3	109.3	x,y	9	none	false	X, Y, 
D2S1338	green	110.9	179.9	20,23	4	none	false	15, 16, 17, 18, 19, 20, 21, 22, 23, 24, 25, 26, 27, 28, 
D21S11	green	180.6	250.6	28,31	4	none	false	24, 24.2, 25, 26, 27, 28, 28.2, 29, 29.2, 30, 30.2, 31, 31.2, 32, 32.2, 33, 33.2, 34, 34.2, 35, 35.2, 36, 37, 38, 
D16S539	yellow	70.0	122.0	9,10	4	none	false	5, 8, 9, 10, 11, 12, 13, 14, 15, 
D18S51	yellow	122.4	210.4	12,15	4	none	false	7, 9, 10, 10.2, 11, 12, 13, 13.2, 14, 14.2, 15, 16, 17, 18, 19, 20, 21, 22, 23, 24, 25, 26, 27, 
CSF1PO	red	84.6	132.6	11,12	4	none	false	6, 7, 8, 9, 10, 11, 12, 13, 14, 15, 
FGA	red	136.4	296.4	24,26	4	none	false	17, 18, 19, 20, 21, 22, 23, 24, 25, 26, 26.2, 27, 28, 29, 30, 30.2, 31.2, 32.2, 33.2, 42.2, 43.2, 44.2, 45.2, 46.2, 47.2, 48.2, 50.2, 51.2, 
Panel	Yfiler_v1.4X	null
B_DYS456	blue	100.0	127.0	15	4	none	false	13, 14, 15, 16, 17, 18, 
B_DYS389I	blue	134.0	178.0	13	4	none	false	10, 11, 12, 13, 14, 15, 
B_DYS390	blue	185.0	245.0	24	4	none	false	18, 19, 20, 21, 22, 23, 24, 25, 26, 27, 
B_DYS389II	blue	246.0	302.0	29	4	none	false	24, 25, 26, 27, 28, 29, 30, 31, 32, 33, 34, 
G_DYS458	green	133.0	165.0	17	4	none	false	14, 15, 16, 17, 18, 19, 20, 
G_DYS19	green	167.0	219.0	15	4	none	false	10, 11, 12, 13, 14, 15, 16, 17, 18, 19, 
G_DYS385	green	235.0	323.0	11,14	4	none	false	7, 8, 9, 10, 11, 12, 13, 14, 15, 16, 17, 18, 19, 20, 21, 22, 23, 24, 25, 
Y_DYS393	yellow	104.0	144.0	13	4	none	false	8, 9, 10, 11, 12, 13, 14, 15, 16, 
Y_DYS391	yellow	146.0	181.0	11	4	none	false	7, 8, 9, 10, 11, 12, 13, 
Y_DYS439	yellow	192.0	236.0	12	4	none	false	8, 9, 10, 11, 12, 13, 14, 15, 
Y_DYS635	yellow	241.0	274.0	24	4	none	false	20, 21, 22, 23, 24, 25, 26, 
Y_DYS392	yellow	286.0	335.0	13	3	none	false	7, 8, 9, 10, 11, 12, 13, 14, 15, 16, 17, 18, 
R_Y_GATA_H4	red	114.0	150.0	13	4	none	false	8, 9, 10, 11, 12, 13, 
R_DYS437	red	174.0	210.0	15	4	none	false	13, 14, 15, 16, 17, 
R_DYS438	red	215.5	256.5	12	5	none	false	8, 9, 10, 11, 12, 13, 
R_DYS448	red	273.0	332.0	19	6	none	false	17, 18, 19, 20, 21, 22, 23, 24, 
Panel	NGM_SElect_v2.4X	null
D10S1248	blue	72.0	127.0	12,15	4	none	false	8, 9, 10, 11, 12, 13, 14, 15, 16, 17, 18, 
vWA	blue	149.0	214.3	14,16	4	none	false	11, 12, 13, 14, 15, 16, 17, 18, 19, 20, 21, 22, 23, 24, 
D16S539	blue	223.6	277.6	9,10	4	none	false	5, 8, 9, 10, 11, 12, 13, 14, 15, 
D2S1338	blue	281.6	356.0	20,23	4	none	false	15, 16, 17, 18, 19, 20, 21, 22, 23, 24, 25, 26, 27, 28, 
AMEL	green	100.0	108.0	x,y	9	none	false	X, Y, 
D8S1179	green	117.9	174.9	12,13	4	none	false	8, 9, 10, 11, 12, 13, 14, 15, 16, 17, 18, 19, 
D21S11	green	178.8	249.8	28,31	4	none	false	24, 24.2, 25, 26, 27, 28, 28.2, 29, 29.2, 30, 30.2, 31, 31.2, 32, 32.2, 33, 33.2, 34, 34.2, 35, 35.2, 36, 37, 38, 
D18S51	green	259.5	347.5	12,15	4	none	false	7, 9, 10, 10.2, 11, 12, 13, 13.2, 14, 14.2, 15, 16, 17, 18, 19, 20, 21, 22, 23, 24, 25, 26, 27, 
D22S1045	yellow	76.0	120.0	11,16	3	none	false	8, 9, 10, 11, 12, 13, 14, 15, 16, 17, 18, 19, 
D19S433	yellow	122.3	166.3	14,15	4	none	false	9, 10, 11, 12, 12.2, 13, 13.2, 14, 14.2, 15, 15.2, 16, 16.2, 17, 17.2, 
TH01	yellow	176.4	221.1	7,9.3	4	none	false	4, 5, 6, 7, 8, 9, 9.3, 10, 11, 13.3, 
FGA	yellow	221.6	372.0	24,26	4	none	false	17, 18, 19, 20, 21, 22, 23, 24, 25, 26, 26.2, 27, 28, 29, 30, 30.2, 31.2, 32.2, 33.2, 42.2, 43.2, 44.2, 45.2, 46.2, 47.2, 48.2, 50.2, 51.2, 
D2S441	red	74.5	113.4	14,15	4	none	false	9, 10, 11, 11.3, 12, 13, 14, 15, 16, 
D3S1358	red	114.4	168.4	15,16	4	none	false	12, 13, 14, 15, 16, 17, 18, 19, 
D1S1656	red	170.0	224.0	13,16	4	none	false	9, 10, 11, 12, 13, 14, 14.3, 15, 15.3, 16, 16.3, 17, 17.3, 18.3, 19.3, 20.3, 
D12S391	red	225.0	287.0	18,19	4	none	false	14, 15, 16, 17, 18, 19, 19.3, 20, 21, 22, 23, 24, 25, 26, 27, 
SE33	red	295.0	440.0	17,25.2	4	none	false	4.2, 6.3, 8, 9, 11, 12, 13, 14, 15, 16, 17, 18, 19, 20, 20.2, 21, 21.2, 22.2, 23.2, 24.2, 25.2, 26.2, 27.2, 28.2, 29.2, 30.2, 31.2, 32.2, 33.2, 34.2, 35, 35.2, 36, 37, 
Panel	NGM_v3.4X	null
D10S1248	blue	72.0	127.0	12,15	4	none	false	8, 9, 10, 11, 12, 13, 14, 15, 16, 17, 18, 
vWA	blue	149.0	214.3	14,16	4	none	false	11, 12, 13, 14, 15, 16, 17, 18, 19, 20, 21, 22, 23, 24, 
D16S539	blue	223.6	277.6	9,10	4	none	false	5, 8, 9, 10, 11, 12, 13, 14, 15, 
D2S1338	blue	281.6	356.0	20,23	4	none	false	15, 16, 17, 18, 19, 20, 21, 22, 23, 24, 25, 26, 27, 28, 
AMEL	green	100.0	108.0	x,y	9	none	false	X, Y, 
D8S1179	green	117.9	174.9	12,13	4	none	false	8, 9, 10, 11, 12, 13, 14, 15, 16, 17, 18, 19, 
D21S11	green	178.8	249.8	28,31	4	none	false	24, 24.2, 25, 26, 27, 28, 28.2, 29, 29.2, 30, 30.2, 31, 31.2, 32, 32.2, 33, 33.2, 34, 34.2, 35, 35.2, 36, 37, 38, 
D18S51	green	259.5	347.5	12,15	4	none	false	7, 9, 10, 10.2, 11, 12, 13, 13.2, 14, 14.2, 15, 16, 17, 18, 19, 20, 21, 22, 23, 24, 25, 26, 27, 
D22S1045	yellow	76.0	120.0	11,16	3	none	false	8, 9, 10, 11, 12, 13, 14, 15, 16, 17, 18, 19, 
D19S433	yellow	122.3	166.3	14,15	4	none	false	9, 10, 11, 12, 12.2, 13, 13.2, 14, 14.2, 15, 15.2, 16, 16.2, 17, 17.2, 
TH01	yellow	176.4	221.1	7,9.3	4	none	false	4, 5, 6, 7, 8, 9, 9.3, 10, 11, 13.3, 
FGA	yellow	221.6	372.0	24,26	4	none	false	17, 18, 19, 20, 21, 22, 23, 24, 25, 26, 26.2, 27, 28, 29, 30, 30.2, 31.2, 32.2, 33.2, 42.2, 43.2, 44.2, 45.2, 46.2, 47.2, 48.2, 50.2, 51.2, 
D2S441	red	74.5	113.4	14,15	4	none	false	9, 10, 11, 11.3, 12, 13, 14, 15, 16, 
D3S1358	red	114.4	168.4	15,16	4	none	false	12, 13, 14, 15, 16, 17, 18, 19, 
D1S1656	red	170.0	224.0	13,16	4	none	false	9, 10, 11, 12, 13, 14, 14.3, 15, 15.3, 16, 16.3, 17, 17.3, 18.3, 19.3, 20.3, 
D12S391	red	225.0	287.0	18,19	4	none	false	14, 15, 16, 17, 18, 19, 19.3, 20, 21, 22, 23, 24, 25, 26, 27, 
Panel	Profiler_Plus_CODIS_v1.4X	null
D3S1358	blue	98.0	148.0	14,15	4	none	false	12, 13, 14, 15, 16, 17, 18, 19, 
vWA	blue	151.0	203.0	17,18	4	none	false	11, 12, 13, 14, 15, 16, 17, 18, 19, 20, 21, 
FGA	blue	206.25	360.0	23,24	4	none	false	18, 19, 20, 21, 22, 23, 24, 25, 26, 26.2, 27, 28, 29, 30, 
AMEL	green	106.0	114.0	x	9	none	false	X, Y, 
D8S1179	green	118.0	183.5	13	4	none	false	8, 9, 10, 11, 12, 13, 14, 15, 16, 17, 18, 19, 
D21S11	green	184.5	247.5	30	4	none	false	24.2, 25, 26, 27, 28, 28.2, 29, 29.2, 30, 30.2, 31, 31.2, 32, 32.2, 33, 33.2, 34, 34.2, 35, 35.2, 36, 38, 
D18S51	green	264.49	350.0	15,19	4	none	false	9, 10, 10.2, 11, 12, 13, 13.2, 14, 14.2, 15, 16, 17, 18, 19, 20, 21, 22, 23, 24, 25, 26, 
D5S818	yellow	128.0	180.0	11	4	none	false	7, 8, 9, 10, 11, 12, 13, 14, 15, 16, 
D13S317	yellow	192.0	242.0	11	4	none	false	8, 9, 10, 11, 12, 13, 14, 15, 
D7S820	yellow	251.0	298.5	10,11	4	none	false	6, 7, 8, 9, 10, 11, 12, 13, 14, 15, 
Panel	Profiler_Plus_v1.4X	null
D3S1358	blue	98.0	148.0	14,15	4	none	false	12, 13, 14, 15, 16, 17, 18, 19, 
vWA	blue	151.0	203.0	17,18	4	none	false	11, 12, 13, 14, 15, 16, 17, 18, 19, 20, 21, 
FGA	blue	206.25	360.0	23,24	4	none	false	18, 19, 20, 21, 22, 23, 24, 25, 26, 26.2, 27, 28, 29, 30, 
AMEL	green	106.0	114.0	x	9	none	false	X, Y, 
D8S1179	green	118.0	183.5	13	4	none	false	8, 9, 10, 11, 12, 13, 14, 15, 16, 17, 18, 19, 
D21S11	green	184.5	247.5	30	4	none	false	24.2, 25, 26, 27, 28, 28.2, 29, 29.2, 30, 30.2, 31, 31.2, 32, 32.2, 33, 33.2, 34, 34.2, 35, 35.2, 36, 38, 
D18S51	green	264.49	350.0	15,19	4	none	false	9, 10, 10.2, 11, 12, 13, 13.2, 14, 14.2, 15, 16, 17, 18, 19, 20, 21, 22, 23, 24, 25, 26, 
D5S818	yellow	128.0	180.0	11	4	none	false	7, 8, 9, 10, 11, 12, 13, 14, 15, 16, 
D13S317	yellow	192.0	242.0	11	4	none	false	8, 9, 10, 11, 12, 13, 14, 15, 
D7S820	yellow	251.0	298.5	10,11	4	none	false	6, 7, 8, 9, 10, 11, 12, 13, 14, 15, 
Panel	Yfiler_Plus_Panel_v4	null
DYS576	Blue	68.0	138.0	19	4	none	false	10, 11, 12, 13, 14, 15, 16, 17, 18, 19, 20, 21, 22, 23, 24, 25, 
DYS389I	Blue	142.0	184.0	13	4	none	false	9, 10, 11, 12, 13, 14, 15, 16, 17, 
DYS635	Blue	187.0	257.0	24	4	none	false	15, 16, 17, 18, 19, 20, 21, 22, 23, 24, 25, 26, 27, 28, 29, 30, 
DYS389II	Blue	260.2	314.2	29	4	none	false	24, 25, 26, 27, 28, 29, 30, 31, 32, 33, 34, 35, 
DYS627	Blue	319.5	393.5	21	4	none	false	11, 12, 13, 14, 15, 16, 17, 18, 19, 20, 21, 22, 23, 24, 25, 26, 27, 
DYS460	Green	75.1	113.1	11	4	none	false	7, 8, 9, 10, 11, 12, 13, 14, 
DYS458	Green	115.0	177.0	17	4	none	false	11, 12, 13, 14, 15, 16, 17, 18, 19, 20, 21, 22, 23, 24, 
DYS19	Green	179.5	229.5	15	4	none	false	9, 10, 11, 12, 13, 14, 15, 16, 17, 18, 19, 
YGATAH4	Green	231.4	269.4	13	4	none	false	8, 9, 10, 11, 12, 13, 14, 15, 
DYS448	Green	271.2	345.2	19	6	none	false	14, 15, 16, 17, 18, 19, 20, 21, 22, 23, 24, 
DYS391	Green	348.5	402.5	11	4	none	false	5, 6, 7, 8, 9, 10, 11, 12, 13, 14, 15, 16, 
DYS456	Yellow	71.0	135.0	15	4	none	false	10, 11, 12, 13, 14, 15, 16, 17, 18, 19, 20, 21, 22, 23, 24, 
DYS390	Yellow	139.2	197.2	24	4	none	false	17, 18, 19, 20, 21, 22, 23, 24, 25, 26, 27, 28, 29, 
DYS438	Yellow	201.5	263.5	12	5	none	false	6, 7, 8, 9, 10, 11, 12, 13, 14, 15, 16, 
DYS392	Yellow	270.0	326.8	13	3	none	false	4, 5, 6, 7, 8, 9, 10, 11, 12, 13, 14, 15, 16, 17, 18, 19, 20, 
DYS518	Yellow	327.8	406.0	37	4	none	false	32, 33, 34, 35, 36, 37, 38, 39, 40, 41, 42, 43, 44, 45, 46, 47, 48, 49, 
DYS570	Red	93.5	167.5	17	4	none	false	10, 11, 12, 13, 14, 15, 16, 17, 18, 19, 20, 21, 22, 23, 24, 25, 26, 
DYS437	Red	173.3	215.3	15	4	none	false	10, 11, 12, 13, 14, 15, 16, 17, 18, 
DYS385	Red	220.4	318.4	11,14	4	none	false	6, 7, 8, 9, 10, 11, 12, 13, 14, 15, 16, 17, 18, 19, 20, 21, 22, 23, 24, 25, 26, 27, 28, 
DYS449	Red	320.8	403.0	30	4	none	false	22, 23, 24, 25, 26, 27, 28, 29, 30, 31, 32, 33, 34, 35, 36, 37, 38, 39, 40, 
DYS393	Purple	85.36	139.36	13	4	none	false	7, 8, 9, 10, 11, 12, 13, 14, 15, 16, 17, 18, 
DYS439	Purple	145.6	199.6	12	4	none	false	6, 7, 8, 9, 10, 11, 12, 13, 14, 15, 16, 17, 
DYS481	Purple	203.0	256.0	22	3	none	false	17, 18, 19, 20, 21, 22, 23, 24, 25, 26, 27, 28, 29, 30, 31, 32, 
DYF387S1	Purple	259.4	325.0	35,37	4	none	false	30, 31, 32, 33, 34, 35, 36, 37, 38, 39, 40, 41, 42, 43, 44, 
DYS533	Purple	333.9	383.9	13	4	none	false	7, 8, 9, 10, 11, 12, 13, 14, 15, 16, 17, 
Panel	Identifiler_CODIS_v1.4X	null
D8S1179	blue	118.0	177.5	13	4	none	false	8, 9, 10, 11, 12, 13, 14, 15, 16, 17, 18, 19, 
D21S11	blue	182.5	247.5	30	4	none	false	24, 24.2, 25, 26, 27, 28, 28.2, 29, 29.2, 30, 30.2, 31, 31.2, 32, 32.2, 33, 33.2, 34, 34.2, 35, 35.2, 36, 37, 38, 
D7S820	blue	251.0	298.5	10,11	4	none	false	6, 7, 8, 9, 10, 11, 12, 13, 14, 15, 
CSF1PO	blue	302.12	348.63	10,12	4	none	false	6, 7, 8, 9, 10, 11, 12, 13, 14, 15, 
D3S1358	green	98.0	148.0	14,15	4	none	false	12, 13, 14, 15, 16, 17, 18, 19, 
TH01	green	157.0	212.0	8,9.3	4	none	false	4, 5, 6, 7, 8, 9, 9.3, 10, 11, 13.3, 
D13S317	green	213.14	250.16	11	4	none	false	8, 9, 10, 11, 12, 13, 14, 15, 
D16S539	green	255.3	301.81	11,12	4	none	false	5, 8, 9, 10, 11, 12, 13, 14, 15, 
D2S1338	green	304.81	369.81	19,23	4	none	false	15, 16, 17, 18, 19, 20, 21, 22, 23, 24, 25, 26, 27, 28, 
D19S433	yellow	101.0	148.0	14,15	4	none	false	9, 10, 11, 12, 12.2, 13, 13.2, 14, 14.2, 15, 15.2, 16, 16.2, 17, 17.2, 
vWA	yellow	151.0	213.5	17,18	4	none	false	11, 12, 13, 14, 15, 16, 17, 18, 19, 20, 21, 22, 23, 24, 
TPOX	yellow	217.0	254.99	8	4	none	false	6, 7, 8, 9, 10, 11, 12, 13, 
D18S51	yellow	260.5	353.0	15,19	4	none	false	7, 9, 10, 10.2, 11, 12, 13, 13.2, 14, 14.2, 15, 16, 17, 18, 19, 20, 21, 22, 23, 24, 25, 26, 27, 
AMEL	red	106.0	114.0	x	9	none	false	X, Y, 
D5S818	red	128.0	180.0	11	4	none	false	7, 8, 9, 10, 11, 12, 13, 14, 15, 16, 
FGA	red	204.25	360.0	23,24	4	none	false	17, 18, 19, 20, 21, 22, 23, 24, 25, 26, 26.2, 27, 28, 29, 30, 30.2, 31.2, 32.2, 33.2, 42.2, 43.2, 44.2, 45.2, 46.2, 47.2, 48.2, 50.2, 51.2, 
Panel	GlobalFiler_Panel_v1	null
D3S1358	blue	90.5	146.5	15,16	4	none	false	9, 10, 11, 12, 13, 14, 15, 16, 17, 18, 19, 20, 
vWA	blue	151.0	215.0	14,16	4	none	false	11, 12, 13, 14, 15, 16, 17, 18, 19, 20, 21, 22, 23, 24, 
D16S539	blue	221.5	273.5	9,10	4	none	false	5, 8, 9, 10, 11, 12, 13, 14, 15, 
CSF1PO	blue	277.0	325.0	11,12	4	none	false	6, 7, 8, 9, 10, 11, 12, 13, 14, 15, 
TPOX	blue	332.5	384.5	8	4	none	false	5, 6, 7, 8, 9, 10, 11, 12, 13, 14, 15, 
Yindel	green	79.5	87.5	2	5	none	true	1, 2, 
AMEL	green	97.0	107.5	x,y	9	none	false	X, Y, 
D8S1179	green	108.5	176.5	12,13	4	none	false	5, 6, 7, 8, 9, 10, 11, 12, 13, 14, 15, 16, 17, 18, 19, 
D21S11	green	179.5	246.5	28,31	4	none	false	24, 24.2, 25, 26, 27, 28, 28.2, 29, 29.2, 30, 30.2, 31, 31.2, 32, 32.2, 33, 33.2, 34, 34.2, 35, 35.2, 36, 37, 38, 
D18S51	green	255.5	347.5	12,15	4	none	false	7, 9, 10, 10.2, 11, 12, 13, 13.2, 14, 14.2, 15, 16, 17, 18, 19, 20, 21, 22, 23, 24, 25, 26, 27, 
DYS391	green	359.5	395.5	11	4	none	true	7, 8, 9, 10, 11, 12, 13, 
D2S441	yellow	75.0	113.5	14,15	4	none	false	8, 9, 10, 11, 11.3, 12, 13, 14, 15, 16, 17, 
D19S433	yellow	115.5	173.5	14,15	4	none	false	6, 7, 8, 9, 10, 11, 12, 12.2, 13, 13.2, 14, 14.2, 15, 15.2, 16, 16.2, 17, 17.2, 18.2, 19.2, 
TH01	yellow	174.0	219.5	7,9.3	4	none	false	4, 5, 6, 7, 8, 9, 9.3, 10, 11, 13.3, 
FGA	yellow	221.0	380.0	24,26	4	none	false	13, 14, 15, 16, 17, 18, 19, 20, 21, 22, 23, 24, 25, 26, 26.2, 27, 28, 29, 30, 30.2, 31.2, 32.2, 33.2, 42.2, 43.2, 44.2, 45.2, 46.2, 47.2, 48.2, 50.2, 51.2, 
D22S1045	red	83.5	126.5	11,16	3	none	false	8, 9, 10, 11, 12, 13, 14, 15, 16, 17, 18, 19, 
D5S818	red	133.5	189.5	11	4	none	false	7, 8, 9, 10, 11, 12, 13, 14, 15, 16, 17, 18, 
D13S317	red	197.0	249.0	11	4	none	false	5, 6, 7, 8, 9, 10, 11, 12, 13, 14, 15, 16, 
D7S820	red	256.5	304.5	7,12	4	none	false	6, 7, 8, 9, 10, 11, 12, 13, 14, 15, 
SE33	red	306.0	444.0	17,25.2	4	none	false	4.2, 6.3, 8, 9, 11, 12, 13, 14, 15, 16, 17, 18, 19, 20, 20.2, 21, 21.2, 22.2, 23.2, 24.2, 25.2, 26.2, 27.2, 28.2, 29.2, 30.2, 31.2, 32.2, 33.2, 34.2, 35, 35.2, 36, 37, 
D10S1248	purple	80.0	132.0	12,15	4	none	false	8, 9, 10, 11, 12, 13, 14, 15, 16, 17, 18, 19, 
D1S1656	purple	154.0	209.5	13,16	4	none	false	9, 10, 11, 12, 13, 14, 14.3, 15, 15.3, 16, 16.3, 17, 17.3, 18.3, 19.3, 20.3, 
D12S391	purple	211.0	270.5	18,19	4	none	false	14, 15, 16, 17, 18, 19, 19.3, 20, 21, 22, 23, 24, 25, 26, 27, 
D2S1338	purple	275.5	355.5	20,23	4	none	false	11, 12, 13, 14, 15, 16, 17, 18, 19, 20, 21, 22, 23, 24, 25, 26, 27, 28, 
Panel	GlobalFiler_Express_v1.3X	null
D3S1358	blue	90.5	146.5	15,16	4	none	false	9, 10, 11, 12, 13, 14, 15, 16, 17, 18, 19, 20, 
vWA	blue	151.0	215.0	14,16	4	none	false	11, 12, 13, 14, 15, 16, 17, 18, 19, 20, 21, 22, 23, 24, 
D16S539	blue	221.5	273.5	9,10	4	none	false	5, 8, 9, 10, 11, 12, 13, 14, 15, 
CSF1PO	blue	277.0	325.0	11,12	4	none	false	6, 7, 8, 9, 10, 11, 12, 13, 14, 15, 
TPOX	blue	332.5	384.5	8	4	none	false	5, 6, 7, 8, 9, 10, 11, 12, 13, 14, 15, 
Yindel	green	79.5	87.5	2	5	none	true	1, 2, 
AMEL	green	97.0	107.5	x,y	9	none	false	X, Y, 
D8S1179	green	108.5	176.5	12,13	4	none	false	5, 6, 7, 8, 9, 10, 11, 12, 13, 14, 15, 16, 17, 18, 19, 
D21S11	green	179.5	246.5	28,31	4	none	false	24, 24.2, 25, 26, 27, 28, 28.2, 29, 29.2, 30, 30.2, 31, 31.2, 32, 32.2, 33, 33.2, 34, 34.2, 35, 35.2, 36, 37, 38, 
D18S51	green	255.5	347.5	12,15	4	none	false	7, 9, 10, 10.2, 11, 12, 13, 13.2, 14, 14.2, 15, 16, 17, 18, 19, 20, 21, 22, 23, 24, 25, 26, 27, 
DYS391	green	359.5	395.5	11	4	none	true	7, 8, 9, 10, 11, 12, 13, 
D2S441	yellow	75.0	113.5	14,15	4	none	false	8, 9, 10, 11, 11.3, 12, 13, 14, 15, 16, 17, 
D19S433	yellow	115.5	173.5	14,15	4	none	false	6, 7, 8, 9, 10, 11, 12, 12.2, 13, 13.2, 14, 14.2, 15, 15.2, 16, 16.2, 17, 17.2, 18.2, 19.2, 
TH01	yellow	174.0	219.5	7,9.3	4	none	false	4, 5, 6, 7, 8, 9, 9.3, 10, 11, 13.3, 
FGA	yellow	221.0	380.0	24,26	4	none	false	13, 14, 15, 16, 17, 18, 19, 20, 21, 22, 23, 24, 25, 26, 26.2, 27, 28, 29, 30, 30.2, 31.2, 32.2, 33.2, 42.2, 43.2, 44.2, 45.2, 46.2, 47.2, 48.2, 50.2, 51.2, 
D22S1045	red	83.5	126.5	11,16	3	none	false	8, 9, 10, 11, 12, 13, 14, 15, 16, 17, 18, 19, 
D5S818	red	133.5	189.5	11	4	none	false	7, 8, 9, 10, 11, 12, 13, 14, 15, 16, 17, 18, 
D13S317	red	197.0	249.0	11	4	none	false	5, 6, 7, 8, 9, 10, 11, 12, 13, 14, 15, 16, 
D7S820	red	256.5	304.5	7,12	4	none	false	6, 7, 8, 9, 10, 11, 12, 13, 14, 15, 
SE33	red	306.0	444.0	17,25.2	4	none	false	4.2, 6.3, 8, 9, 11, 12, 13, 14, 15, 16, 17, 18, 19, 20, 20.2, 21, 21.2, 22.2, 23.2, 24.2, 25.2, 26.2, 27.2, 28.2, 29.2, 30.2, 31.2, 32.2, 33.2, 34.2, 35, 35.2, 36, 37, 
D10S1248	purple	80.0	132.0	12,15	4	none	false	8, 9, 10, 11, 12, 13, 14, 15, 16, 17, 18, 19, 
D1S1656	purple	154.0	209.5	13,16	4	none	false	9, 10, 11, 12, 13, 14, 14.3, 15, 15.3, 16, 16.3, 17, 17.3, 18.3, 19.3, 20.3, 
D12S391	purple	211.0	270.5	18,19	4	none	false	14, 15, 16, 17, 18, 19, 19.3, 20, 21, 22, 23, 24, 25, 26, 27, 
D2S1338	purple	275.5	355.5	20,23	4	none	false	11, 12, 13, 14, 15, 16, 17, 18, 19, 20, 21, 22, 23, 24, 25, 26, 27, 28, 
Panel	COfiler_CODIS_v1.4X	null
D3S1358	blue	98.0	148.0	14,15	4	none	false	12, 13, 14, 15, 16, 17, 18, 19, 
D16S539	blue	229.0	279.0	11,12	4	none	false	5, 8, 9, 10, 11, 12, 13, 14, 15, 
AMEL	green	106.0	114.0	x	9	none	false	X, Y, 
TH01	green	159.0	205.0	8,9.3	4	none	false	5, 6, 7, 8, 9, 9.3, 10, 
TPOX	green	212.0	254.0	8	4	none	false	6, 7, 8, 9, 10, 11, 12, 13, 
CSF1PO	green	275.0	323.0	10,12	4	none	false	6, 7, 8, 9, 10, 11, 12, 13, 14, 15, 
D7S820	yellow	251.0	298.5	10,11	4	none	false	6, 7, 8, 9, 10, 11, 12, 13, 14, 15, 
Panel	NGM_SElect_Express_v1.3X	null
D10S1248	blue	72.0	127.0	12,15	4	none	false	8, 9, 10, 11, 12, 13, 14, 15, 16, 17, 18, 
vWA	blue	149.0	214.3	14,16	4	none	false	11, 12, 13, 14, 15, 16, 17, 18, 19, 20, 21, 22, 23, 24, 
D16S539	blue	223.6	277.6	9,10	4	none	false	5, 8, 9, 10, 11, 12, 13, 14, 15, 
D2S1338	blue	281.6	356.0	20,23	4	none	false	15, 16, 17, 18, 19, 20, 21, 22, 23, 24, 25, 26, 27, 28, 
AMEL	green	100.0	108.0	x,y	9	none	false	X, Y, 
D8S1179	green	117.9	174.9	12,13	4	none	false	8, 9, 10, 11, 12, 13, 14, 15, 16, 17, 18, 19, 
D21S11	green	178.8	249.8	28,31	4	none	false	24, 24.2, 25, 26, 27, 28, 28.2, 29, 29.2, 30, 30.2, 31, 31.2, 32, 32.2, 33, 33.2, 34, 34.2, 35, 35.2, 36, 37, 38, 
D18S51	green	259.5	347.5	12,15	4	none	false	7, 9, 10, 10.2, 11, 12, 13, 13.2, 14, 14.2, 15, 16, 17, 18, 19, 20, 21, 22, 23, 24, 25, 26, 27, 
D22S1045	yellow	76.75	120.0	11,16	3	none	false	8, 9, 10, 11, 12, 13, 14, 15, 16, 17, 18, 19, 
D19S433	yellow	122.3	166.3	14,15	4	none	false	9, 10, 11, 12, 12.2, 13, 13.2, 14, 14.2, 15, 15.2, 16, 16.2, 17, 17.2, 
TH01	yellow	176.4	221.1	7,9.3	4	none	false	4, 5, 6, 7, 8, 9, 9.3, 10, 11, 13.3, 
FGA	yellow	221.6	372.0	24,26	4	none	false	17, 18, 19, 20, 21, 22, 23, 24, 25, 26, 26.2, 27, 28, 29, 30, 30.2, 31.2, 32.2, 33.2, 42.2, 43.2, 44.2, 45.2, 46.2, 47.2, 48.2, 50.2, 51.2, 
D2S441	red	74.5	113.4	14,15	4	none	false	9, 10, 11, 11.3, 12, 13, 14, 15, 16, 
D3S1358	red	114.4	168.4	15,16	4	none	false	12, 13, 14, 15, 16, 17, 18, 19, 
D1S1656	red	170.0	224.0	13,16	4	none	false	9, 10, 11, 12, 13, 14, 14.3, 15, 15.3, 16, 16.3, 17, 17.3, 18.3, 19.3, 20.3, 
D12S391	red	225.0	287.0	18,19	4	none	false	14, 15, 16, 17, 18, 19, 19.3, 20, 21, 22, 23, 24, 25, 26, 27, 
SE33	red	295.0	440.0	17,25.2	4	none	false	4.2, 6.3, 8, 9, 11, 12, 13, 14, 15, 16, 17, 18, 19, 20, 20.2, 21, 21.2, 22.2, 23.2, 24.2, 25.2, 26.2, 27.2, 28.2, 29.2, 30.2, 31.2, 32.2, 33.2, 34.2, 35, 35.2, 36, 37, 
